      1 10000
      1 10002
      1 10016
      1 10017
      1 10018
      1 10020
      1 10021
      1 10022
      1 10023
      1 10024
      1 10025
      1 10026
      1 10027
      1 10028
      1 10029
      1 10032
      1 10033
      1 10034
      1 10035
      1 10036
      1 10037
      1 10038
      1 10040
      1 10041
      1 10043
      1 10044
      1 10045
      1 10047
      1 10049
      1 10056
      1 10057
      1 10058
      1 10060
      1 10061
      1 10063
      1 10064
      1 10065
      1 10067
      1 10070
      1 10071
      1 10072
      1 10074
      1 10082
      1 10083
      1 10084
      1 10086
      1 10087
      1 10092
      1 10096
      1 10099
      1 10100
      1 10101
      1 10102
      1 10103
      1 10105
      1 10106
      1 10107
      1 10108
      1 10109
      1 10110
      1 10111
      1 10112
      1 10113
      1 10114
      1 10115
      1 10116
      1 10117
      1 10119
      1 10120
      1 10121
      1 10122
      1 10123
      1 10124
      1 10126
      1 10128
      1 10129
      1 10130
      1 10131
      1 10133
      1 10142
      1 10143
      1 10147
      1 10148
      1 10152
      1 10158
      1 10159
      1 10163
      1 10167
      1 10168
      1 10186
      1 10188
      1 10191
      1 10206
      1 10209
      1 10228
      1 10235
      1 10251
      1 10252
      1 10256
      1 10282
      1 10286
      1 10300
      1 10307
      1 10308
      1 10314
      1 10315
      1 10316
      1 10317
      1 10324
      1 10331
      1 10341
      1 10342
      1 10343
      1 10345
      1 10350
      1 10356
      1 10358
      1 10359
      1 10360
      1 10361
      1 10362
      1 10363
      1 10369
      1 10370
      1 10371
      1 10372
      1 10373
      1 10374
      1 10375
      1 10376
      1 10377
      1 10378
      1 10383
      1 10384
      1 10385
      1 10386
      1 10387
      1 10388
      1 10389
      1 10390
      1 10391
      1 10392
      1 10394
      1 10395
      1 10396
      1 10398
      1 10400
      1 10402
      1 10403
      1 10404
      1 10405
      1 10406
      1 10407
      1 10408
      1 10410
      1 10414
      1 10415
      1 10416
      1 10417
      1 10418
      1 10419
      1 10427
      1 10431
      1 10448
      1 10449
      1 10450
      1 10453
      1 10455
      1 10456
      1 10457
      1 10458
      1 10459
      1 10460
      1 10461
      1 10462
      1 10463
      1 10464
      1 10465
      1 10466
      1 10467
      1 10468
      1 10469
      1 10470
      1 10471
      1 10473
      1 10474
      1 10475
      1 10476
      1 10477
      1 10478
      1 10480
      1 10481
      1 10482
      1 10483
      1 10484
      1 10485
      1 10487
      1 10488
      1 10489
      1 10490
      1 10491
      1 10492
      1 10493
      1 10494
      1 10495
      1 10496
      1 10498
      1 10499
      1 10500
      1 10501
      1 10502
      1 10503
      1 10504
      1 10505
      1 10506
      1 10507
      1 10508
      1 10509
      1 10510
      1 10513
      1 10514
      1 10515
      1 10516
      1 10517
      1 10518
      1 10520
      1 10523
      1 10526
      1 10527
      1 10528
      1 10529
      1 10531
      1 10534
      1 10535
      1 10536
      1 10547
      1 10548
      1 10553
      1 10559
      1 10560
      1 10561
      1 10562
      1 10564
      1 10565
      1 10566
      1 10567
      1 10568
      1 10569
      1 10571
      1 10572
      1 10573
      1 10575
      1 10576
      1 10578
      1 10579
      1 10580
      1 10581
      1 10582
      1 10583
      1 10584
      1 10585
      1 10587
      1 10588
      1 10589
      1 10590
      1 10591
      1 10592
      1 10594
      1 10595
      1 10597
      1 10598
      1 10599
      1 10600
      1 10602
      1 10603
      1 10604
      1 10605
      1 10607
      1 10608
      1 10609
      1 10615
      1 10618
      1 10623
      1 10643
      1 10644
      1 10645
      1 10651
      1 10657
      1 10658
      1 10659
      1 10660
      1 10661
      1 10662
      1 10666
      1 10667
      1 10668
      1 10669
      1 10670
      1 10671
      1 10672
      1 10673
      1 10674
      1 10675
      1 10676
      1 10677
      1 10678
      1 10679
      1 10680
      1 10681
      1 10683
      1 10684
      1 10685
      1 10688
      1 10689
      1 1071
      1 10717
      1 10721
      1 10727
      1 10728
      1 10729
      1 10736
      1 10737
      1 10738
      1 10740
      1 10741
      1 10742
      1 10743
      1 10744
      1 10745
      1 10746
      1 10747
      1 10748
      1 10749
      1 10750
      1 10752
      1 10753
      1 10754
      1 10755
      1 10756
      1 10757
      1 10764
      1 10766
      1 10768
      1 10771
      1 10772
      1 10773
      1 10774
      1 10775
      1 10776
      1 10777
      1 10778
      1 10779
      1 10780
      1 10781
      1 10783
      1 10784
      1 10785
      1 10786
      1 10787
      1 10788
      1 10791
      1 10792
      1 10793
      1 10794
      1 10795
      1 10798
      1 10801
      1 10803
      1 10805
      1 10807
      1 10808
      1 10809
      1 10810
      1 10815
      1 10816
      1 10817
      1 10818
      1 10820
      1 10821
      1 10822
      1 10823
      1 10824
      1 10828
      1 10830
      1 10832
      1 10835
      1 10836
      1 10841
      1 10844
      1 10845
      1 10846
      1 10847
      1 10851
      1 10852
      1 10853
      1 10854
      1 10855
      1 10856
      1 10857
      1 10858
      1 10861
      1 10862
      1 10863
      1 10864
      1 10865
      1 10869
      1 10870
      1 10871
      1 10872
      1 10873
      1 10874
      1 10875
      1 10877
      1 10878
      1 10879
      1 10880
      1 10881
      1 10882
      1 10883
      1 10885
      1 10886
      1 10887
      1 10888
      1 10889
      1 10890
      1 10891
      1 10894
      1 10895
      1 10896
      1 10897
      1 10898
      1 10900
      1 10901
      1 10903
      1 10904
      1 10905
      1 10906
      1 10907
      1 10908
      1 10909
      1 10910
      1 10911
      1 10912
      1 10913
      1 10919
      1 10920
      1 10922
      1 10924
      1 10931
      1 10934
      1 10935
      1 10937
      1 10942
      1 10943
      1 10949
      1 10952
      1 10953
      1 10954
      1 10958
      1 10961
      1 10964
      1 10966
      1 10969
      1 10973
      1 10975
      1 10976
      1 10978
      1 10981
      1 10988
      1 10989
      1 10994
      1 11008
      1 11010
      1 11011
      1 11014
      1 11016
      1 11017
      1 11019
      1 11027
      1 11029
      1 11036
      1 11042
      1 11044
      1 11046
      1 11048
      1 11049
      1 11050
      1 11051
      1 11053
      1 11054
      1 11057
      1 11059
      1 11060
      1 11061
      1 11063
      1 11064
      1 11065
      1 11067
      1 11069
      1 11075
      1 11076
      1 11081
      1 11082
      1 11084
      1 11085
      1 11090
      1 11091
      1 11094
      1 11095
      1 11097
      1 11098
      1 11100
      1 11101
      1 11104
      1 11113
      1 11114
      1 11115
      1 11117
      1 11118
      1 11119
      1 11120
      1 11121
      1 11122
      1 11123
      1 11124
      1 11126
      1 11127
      1 11128
      1 11130
      1 11131
      1 11132
      1 11135
      1 11142
      1 11146
      1 11147
      1 11149
      1 11155
      1 11156
      1 11162
      1 11163
      1 11164
      1 11170
      1 11171
      1 11174
      1 11175
      1 11176
      1 11178
      1 11179
      1 11180
      1 11182
      1 11184
      1 11185
      1 11186
      1 11187
      1 11189
      1 11191
      1 11192
      1 11193
      1 11195
      1 11196
      1 11200
      1 11201
      1 11202
      1 11204
      1 11205
      1 11206
      1 11207
      1 11208
      1 11209
      1 11210
      1 11217
      1 11218
      1 11219
      1 11220
      1 11222
      1 11223
      1 11224
      1 11225
      1 11226
      1 11230
      1 11233
      1 11235
      1 11236
      1 11237
      1 11240
      1 11241
      1 11242
      1 11243
      1 11244
      1 11245
      1 11246
      1 11247
      1 11249
      1 11251
      1 11252
      1 11253
      1 11254
      1 11255
      1 11256
      1 11257
      1 11258
      1 11259
      1 11260
      1 11261
      1 11262
      1 11263
      1 11268
      1 11270
      1 11271
      1 11272
      1 11273
      1 11275
      1 11277
      1 11278
      1 11279
      1 11281
      1 11282
      1 11283
      1 11284
      1 11285
      1 11286
      1 11287
      1 11288
      1 11289
      1 11291
      1 11293
      1 11295
      1 11296
      1 11300
      1 11303
      1 11304
      1 11306
      1 11308
      1 11309
      1 11310
      1 11315
      1 11316
      1 11317
      1 11318
      1 11319
      1 11321
      1 11322
      1 11325
      1 11326
      1 11329
      1 11330
      1 11331
      1 11332
      1 11333
      1 11335
      1 11336
      1 11338
      1 11342
      1 11345
      1 11346
      1 11347
      1 11348
      1 11349
      1 11350
      1 11351
      1 11353
      1 11354
      1 11355
      1 11356
      1 11358
      1 11359
      1 11360
      1 11361
      1 11362
      1 11363
      1 11365
      1 11366
      1 11367
      1 11368
      1 11369
      1 11370
      1 11372
      1 11373
      1 11374
      1 11375
      1 11376
      1 11377
      1 11378
      1 11379
      1 11381
      1 11383
      1 11385
      1 11386
      1 11388
      1 11389
      1 11390
      1 11391
      1 11393
      1 11394
      1 11395
      1 11397
      1 11404
      1 11406
      1 11407
      1 11409
      1 11410
      1 11411
      1 11412
      1 11414
      1 11415
      1 11416
      1 11417
      1 11421
      1 11436
      1 11438
      1 11439
      1 11440
      1 11441
      1 11443
      1 11444
      1 11445
      1 11446
      1 11447
      1 11448
      1 11450
      1 11451
      1 11453
      1 11454
      1 11455
      1 11456
      1 11457
      1 11458
      1 11459
      1 11460
      1 11461
      1 11462
      1 11463
      1 11464
      1 11465
      1 11466
      1 11467
      1 11468
      1 11469
      1 11470
      1 11471
      1 11472
      1 11475
      1 11476
      1 11478
      1 11479
      1 11480
      1 11481
      1 11485
      1 11488
      1 11489
      1 11491
      1 11498
      1 11500
      1 11502
      1 11507
      1 11508
      1 11510
      1 11513
      1 11514
      1 11515
      1 11517
      1 11518
      1 11519
      1 11521
      1 11524
      1 11525
      1 11527
      1 11528
      1 11529
      1 11531
      1 11532
      1 11535
      1 11538
      1 11539
      1 11541
      1 11542
      1 11551
      1 11553
      1 11554
      1 11555
      1 11560
      1 11563
      1 11569
      1 11570
      1 11571
      1 11575
      1 11576
      1 11578
      1 11579
      1 11580
      1 11585
      1 11587
      1 11588
      1 11590
      1 11593
      1 11598
      1 11604
      1 11673
      1 11685
      1 11695
      1 11696
      1 11697
      1 11700
      1 11703
      1 11707
      1 11708
      1 11710
      1 11713
      1 11714
      1 11715
      1 11716
      1 11723
      1 11724
      1 11726
      1 11727
      1 11728
      1 11729
      1 11730
      1 11732
      1 11735
      1 11736
      1 11737
      1 11744
      1 11745
      1 11753
      1 11756
      1 11759
      1 11760
      1 11761
      1 11764
      1 11765
      1 11766
      1 11768
      1 11769
      1 11770
      1 11771
      1 11772
      1 11773
      1 11774
      1 11775
      1 11776
      1 11777
      1 11778
      1 11779
      1 11780
      1 11781
      1 11782
      1 11783
      1 11784
      1 11785
      1 11786
      1 11787
      1 11788
      1 11789
      1 11799
      1 11800
      1 11801
      1 11803
      1 11805
      1 11808
      1 11810
      1 11811
      1 11812
      1 11813
      1 11814
      1 11815
      1 11821
      1 11822
      1 11823
      1 11824
      1 11825
      1 11826
      1 11827
      1 11828
      1 11829
      1 11830
      1 11832
      1 11833
      1 11834
      1 11835
      1 11836
      1 11837
      1 11838
      1 11839
      1 11840
      1 11841
      1 11842
      1 11843
      1 11844
      1 11845
      1 11846
      1 11847
      1 11848
      1 11849
      1 11850
      1 11851
      1 11852
      1 11853
      1 11854
      1 11855
      1 11856
      1 11857
      1 11858
      1 11859
      1 11862
      1 11863
      1 11866
      1 11867
      1 11868
      1 11869
      1 11870
      1 11871
      1 11873
      1 11874
      1 11875
      1 11876
      1 11877
      1 11878
      1 11879
      1 11882
      1 11884
      1 11888
      1 11894
      1 119
      1 1324
      1 13559
      1 13564
      1 13565
      1 13567
      1 13568
      1 13569
      1 13570
      1 13571
      1 13572
      1 13574
      1 13578
      1 13587
      1 13599
      1 13602
      1 13608
      1 13613
      1 13615
      1 13622
      1 13624
      1 13625
      1 13629
      1 13631
      1 13632
      1 13637
      1 13639
      1 13641
      1 13644
      1 13650
      1 13656
      1 13664
      1 13665
      1 13669
      1 13672
      1 13673
      1 13675
      1 13676
      1 13677
      1 13678
      1 13679
      1 13681
      1 13682
      1 13683
      1 13684
      1 13692
      1 13698
      1 13701
      1 13705
      1 13707
      1 13710
      1 13711
      1 13713
      1 13715
      1 13716
      1 13719
      1 13722
      1 13724
      1 13726
      1 13729
      1 13730
      1 13734
      1 13736
      1 13738
      1 13744
      1 13750
      1 13753
      1 13755
      1 13757
      1 13758
      1 13759
      1 13762
      1 13765
      1 13766
      1 13767
      1 13768
      1 13771
      1 13773
      1 13777
      1 13779
      1 13781
      1 13783
      1 13784
      1 13786
      1 13788
      1 13789
      1 13798
      1 13800
      1 13801
      1 13804
      1 13808
      1 13809
      1 13812
      1 13819
      1 13837
      1 13838
      1 13840
      1 13841
      1 13842
      1 13843
      1 13845
      1 13846
      1 13851
      1 13852
      1 13854
      1 13856
      1 13857
      1 13859
      1 13864
      1 13868
      1 13946
      1 13957
      1 13958
      1 13965
      1 13968
      1 13969
      1 13971
      1 13980
      1 13982
      1 13984
      1 13994
      1 13996
      1 13997
      1 14000
      1 14001
      1 14004
      1 14005
      1 14006
      1 14007
      1 14008
      1 14009
      1 14011
      1 14012
      1 14013
      1 14014
      1 14015
      1 14017
      1 14018
      1 14019
      1 14021
      1 14022
      1 14024
      1 14025
      1 14028
      1 14029
      1 14033
      1 14034
      1 14036
      1 14037
      1 14038
      1 14039
      1 14040
      1 14041
      1 14043
      1 14045
      1 14046
      1 14048
      1 14049
      1 14051
      1 14052
      1 14059
      1 14060
      1 14061
      1 14071
      1 14072
      1 14075
      1 14076
      1 14078
      1 14079
      1 14080
      1 14084
      1 14092
      1 14093
      1 14094
      1 14097
      1 14100
      1 14101
      1 14102
      1 14110
      1 14112
      1 14115
      1 14116
      1 14118
      1 14119
      1 14120
      1 14122
      1 14132
      1 14134
      1 14139
      1 14140
      1 14142
      1 14145
      1 14146
      1 14148
      1 14149
      1 14150
      1 14152
      1 14158
      1 14168
      1 14169
      1 14172
      1 14174
      1 14175
      1 14176
      1 14177
      1 14178
      1 14179
      1 14181
      1 14184
      1 14185
      1 14188
      1 14191
      1 14192
      1 14194
      1 14198
      1 14199
      1 14203
      1 14205
      1 14206
      1 14207
      1 14209
      1 14210
      1 14212
      1 14214
      1 14216
      1 14220
      1 14221
      1 14229
      1 14230
      1 14233
      1 14234
      1 14237
      1 14242
      1 14243
      1 14244
      1 14245
      1 14247
      1 14248
      1 14249
      1 14250
      1 14251
      1 14254
      1 14258
      1 14259
      1 14261
      1 14263
      1 14278
      1 14281
      1 14282
      1 14287
      1 14288
      1 14289
      1 14290
      1 14291
      1 14292
      1 14296
      1 14297
      1 14298
      1 14299
      1 14300
      1 14302
      1 14303
      1 14306
      1 14308
      1 14311
      1 14312
      1 14313
      1 14314
      1 14319
      1 14320
      1 14323
      1 14327
      1 14328
      1 14329
      1 14332
      1 14333
      1 14337
      1 14338
      1 14339
      1 14341
      1 14342
      1 14344
      1 14345
      1 14346
      1 14347
      1 14348
      1 14350
      1 14352
      1 14353
      1 14356
      1 14357
      1 14361
      1 14362
      1 14363
      1 14366
      1 14367
      1 14368
      1 14369
      1 14370
      1 14371
      1 14372
      1 14376
      1 14377
      1 14378
      1 14380
      1 14384
      1 14385
      1 14386
      1 14387
      1 14392
      1 14394
      1 14398
      1 14400
      1 14401
      1 14403
      1 14404
      1 14405
      1 14410
      1 14411
      1 14417
      1 14418
      1 14419
      1 14424
      1 14425
      1 14432
      1 14435
      1 14436
      1 14440
      1 14444
      1 14445
      1 14446
      1 14447
      1 14449
      1 14454
      1 14455
      1 14456
      1 14459
      1 14461
      1 14462
      1 14465
      1 14466
      1 14467
      1 14479
      1 14480
      1 14483
      1 14488
      1 14489
      1 14494
      1 14495
      1 14497
      1 14498
      1 14499
      1 14501
      1 14509
      1 14510
      1 14511
      1 14512
      1 14513
      1 14519
      1 14520
      1 14526
      1 14529
      1 14530
      1 14531
      1 14534
      1 14535
      1 14537
      1 14538
      1 14542
      1 14545
      1 14552
      1 14554
      1 14556
      1 14567
      1 14570
      1 14572
      1 14576
      1 14579
      1 14583
      1 14585
      1 14586
      1 14593
      1 14598
      1 14601
      1 14603
      1 14606
      1 14607
      1 14608
      1 14613
      1 14617
      1 14621
      1 14622
      1 14623
      1 14627
      1 14629
      1 14630
      1 14633
      1 14634
      1 14635
      1 14636
      1 14637
      1 14639
      1 14641
      1 14642
      1 14643
      1 14644
      1 14645
      1 14650
      1 14651
      1 14652
      1 14653
      1 14655
      1 14656
      1 14659
      1 14917
      1 14921
      1 14933
      1 14934
      1 14935
      1 14938
      1 14939
      1 14940
      1 14942
      1 14944
      1 14946
      1 14947
      1 14948
      1 14949
      1 14950
      1 14951
      1 14955
      1 14967
      1 14968
      1 14980
      1 14984
      1 14988
      1 14992
      1 14995
      1 14998
      1 14999
      1 1500
      1 15001
      1 15004
      1 15006
      1 15013
      1 15018
      1 15019
      1 15030
      1 15032
      1 15033
      1 15034
      1 15035
      1 15039
      1 15041
      1 15044
      1 15045
      1 15046
      1 15047
      1 15051
      1 15053
      1 15055
      1 15058
      1 15061
      1 15063
      1 15065
      1 15066
      1 15067
      1 15068
      1 15070
      1 15077
      1 15078
      1 15079
      1 15081
      1 15082
      1 15083
      1 15086
      1 15093
      1 15094
      1 15095
      1 15097
      1 15100
      1 15101
      1 15104
      1 15105
      1 15109
      1 15111
      1 15112
      1 15113
      1 15117
      1 15119
      1 15123
      1 15125
      1 15126
      1 15128
      1 15132
      1 15141
      1 15142
      1 15147
      1 15148
      1 15149
      1 15150
      1 15151
      1 15152
      1 15153
      1 15154
      1 15155
      1 15158
      1 15161
      1 15163
      1 15169
      1 15170
      1 15178
      1 15181
      1 15182
      1 15183
      1 15184
      1 15186
      1 15187
      1 15189
      1 15190
      1 15191
      1 15195
      1 15196
      1 15198
      1 15199
      1 15200
      1 15202
      1 15203
      1 15204
      1 15205
      1 15206
      1 15207
      1 15208
      1 15209
      1 15210
      1 15212
      1 15213
      1 15216
      1 15219
      1 15220
      1 15221
      1 15223
      1 15224
      1 15225
      1 15226
      1 15233
      1 15234
      1 15236
      1 15237
      1 15242
      1 15243
      1 15245
      1 15246
      1 15247
      1 15250
      1 15252
      1 15253
      1 15256
      1 15258
      1 15260
      1 15261
      1 15262
      1 15264
      1 15267
      1 15268
      1 15269
      1 15270
      1 15273
      1 15274
      1 15275
      1 15276
      1 1578
      1 1581
      1 16058
      1 16060
      1 16061
      1 16062
      1 16064
      1 16066
      1 16069
      1 16070
      1 16071
      1 16072
      1 16076
      1 16077
      1 16081
      1 16084
      1 16086
      1 16088
      1 16090
      1 16091
      1 16092
      1 16093
      1 16100
      1 16101
      1 16103
      1 16104
      1 16107
      1 16112
      1 16114
      1 16131
      1 16133
      1 16134
      1 16137
      1 16138
      1 16139
      1 16141
      1 16143
      1 16144
      1 16145
      1 16147
      1 16148
      1 16150
      1 16151
      1 16152
      1 16156
      1 16159
      1 16161
      1 16162
      1 16163
      1 16164
      1 16166
      1 16168
      1 16169
      1 16170
      1 16172
      1 16177
      1 16178
      1 16182
      1 16183
      1 16186
      1 16192
      1 16198
      1 16199
      1 16202
      1 16203
      1 16205
      1 16208
      1 16209
      1 16211
      1 16212
      1 16215
      1 16216
      1 16217
      1 16218
      1 16219
      1 16220
      1 16221
      1 16222
      1 16223
      1 16224
      1 16225
      1 16226
      1 16227
      1 16228
      1 16229
      1 16230
      1 16232
      1 16233
      1 16234
      1 16235
      1 16241
      1 16244
      1 16247
      1 16249
      1 16252
      1 1642
      1 1669
      1 1788
      1 2004
      1 2185
      1 2316
      1 2509
      1 2752
      1 2759
      1 2809
      1 2933
      1 3078
      1 3145
      1 3190
      1 3277
     13 5882
      1 375
      1 3775
      1 3790
      1 3791
      1 3883
      1 3997
      1 4093
      1 4153
      1 4241
      1 4515
      1 4634
      1 4651
      1 4768
      1 479
      1 4837
      1 490
      1 4951
      1 5016
      1 5226
      1 5273
      1 5292
      1 5296
      1 5302
      1 5303
      1 5304
      1 5305
      1 5306
      1 5307
      1 5308
      1 5309
      1 5310
      1 5313
      1 5314
      1 5315
      1 5316
      1 5317
      1 5318
      1 5320
      1 5322
      1 5323
      1 5324
      1 5325
      1 5326
      1 5327
      1 5331
      1 5333
      1 5335
      1 5336
      1 5337
      1 5338
      1 5339
      1 5344
      1 5347
      1 5348
      1 5351
      1 5352
      1 5353
      1 5354
      1 5355
      1 5356
      1 5357
      1 5359
      1 5361
      1 5363
      1 5365
      1 5366
      1 5367
      1 5370
      1 5371
      1 5372
      1 5373
      1 5374
      1 5375
      1 5376
      1 5377
      1 5380
      1 5383
      1 5386
      1 5387
      1 5388
      1 5389
      1 5390
      1 5391
      1 5392
      1 5394
      1 5395
      1 5396
      1 5398
      1 5399
      1 5400
      1 5401
      1 5402
      1 5403
      1 5404
      1 5406
      1 5407
      1 5408
      1 5409
      1 5410
      1 5412
      1 5413
      1 5414
      1 5416
      1 5417
      1 5418
      1 5419
      1 5420
      1 5421
      1 5422
      1 5423
      1 5424
      1 5425
      1 5426
      1 5428
      1 5431
      1 5432
      1 5433
      1 5434
      1 5435
      1 5436
      1 5437
      1 5438
      1 5440
      1 5441
      1 5442
      1 5444
      1 5445
      1 5446
      1 5449
      1 5450
      1 5451
      1 5452
      1 5453
      1 5454
      1 5455
      1 5456
      1 5457
      1 5458
      1 5460
      1 5461
      1 5463
      1 5464
      1 5465
      1 5466
      1 5467
      1 5468
      1 5469
      1 5470
      1 5473
      1 5475
      1 5476
      1 5477
      1 5478
      1 5479
      1 5480
      1 5481
      1 5482
      1 5483
      1 5484
      1 5485
      1 5486
      1 5490
      1 5491
      1 5492
      1 5495
      1 5496
      1 5497
      1 5498
      1 5502
      1 5503
      1 5504
      1 5505
      1 5506
      1 5507
      1 5509
      1 5510
      1 5511
      1 5512
      1 5513
      1 5514
      1 5516
      1 5517
      1 5518
      1 5523
      1 5524
      1 5525
      1 5526
      1 5527
      1 5529
      1 5531
      1 5532
      1 5533
      1 5534
      1 5535
      1 5542
      1 5547
      1 5549
      1 5550
      1 5551
      1 5552
      1 5553
      1 5554
      1 5555
      1 5556
      1 5557
      1 5558
      1 5560
      1 5561
      1 5562
      1 5563
      1 5566
      1 5567
      1 5568
      1 5569
      1 5570
      1 5571
      1 5572
      1 5575
      1 5576
      1 5577
      1 5578
      1 5579
      1 5580
      1 5582
      1 5584
      1 5585
      1 5586
      1 5587
      1 5590
      1 5594
      1 5595
      1 5596
      1 5597
      1 5598
      1 5600
      1 5601
      1 5602
      1 5604
      1 5605
      1 5606
      1 5607
      1 5608
      1 5609
      1 5610
      1 5611
      1 5612
      1 5613
      1 5614
      1 5615
      1 5621
      1 5622
      1 5623
      1 5624
      1 5625
      1 5626
      1 5627
      1 5628
      1 5629
      1 5630
      1 5631
      1 5632
      1 5633
      1 5634
      1 5635
      1 5636
      1 5637
      1 5638
      1 5639
      1 5640
      1 5641
      1 5642
      1 5643
      1 5644
      1 5646
      1 5647
      1 5648
      1 5649
      1 5650
      1 5651
      1 5652
      1 5654
      1 5655
      1 5656
      1 5657
      1 5658
      1 5659
      1 5660
      1 5661
      1 5662
      1 5663
      1 5664
      1 5665
      1 5666
      1 5668
      1 5670
      1 5671
      1 5672
      1 5673
      1 5675
      1 5676
      1 5677
      1 5678
      1 5679
      1 5680
      1 5682
      1 5683
      1 5684
      1 5685
      1 5686
      1 5687
      1 5688
      1 5689
      1 5691
      1 5692
      1 5693
      1 5696
      1 5697
      1 5698
      1 5699
      1 5700
      1 5701
      1 5702
      1 5704
      1 5706
      1 5707
      1 5708
      1 5709
      1 5711
      1 5712
      1 5716
      1 5717
      1 5719
      1 5720
      1 5721
      1 5722
      1 5723
      1 5724
      1 5725
      1 5726
      1 5728
      1 5730
      1 5732
      1 5734
      1 5735
      1 5736
      1 5739
      1 5740
      1 5741
      1 5742
      1 5743
      1 5745
      1 5746
      1 5747
      1 5749
      1 5750
      1 5752
      1 5753
      1 5754
      1 5755
      1 5756
      1 5757
      1 5758
      1 5759
      1 5760
      1 5761
      1 5762
      1 5764
      1 5765
      1 5766
      1 5768
      1 5769
      1 5770
      1 5772
      1 5773
      1 5774
      1 5775
      1 5776
      1 5777
      1 5778
      1 5781
      1 5782
      1 5783
      1 5784
      1 5785
      1 5788
      1 5792
      1 5796
      1 5798
      1 5802
      1 5805
      1 5806
      1 5813
      1 5815
      1 5837
      1 5931
      1 5932
      1 5940
      1 5950
      1 5958
      1 5959
      1 5963
      1 5966
      1 5969
      1 5971
      1 5975
      1 5980
      1 5985
      1 5987
      1 5990
      1 5992
      1 5994
      1 5996
      1 5998
      1 5999
      1 6000
      1 6001
      1 6002
      1 6003
      1 6004
      1 6006
      1 6007
      1 6008
      1 6009
      1 6010
      1 6011
      1 6012
      1 6013
      1 6015
      1 6016
      1 6018
      1 6021
      1 6025
      1 6029
      1 6031
      1 6032
      1 6034
      1 6037
      1 6038
      1 6039
      1 6040
      1 6041
      1 6042
      1 6043
      1 6044
      1 6046
      1 6047
      1 6048
      1 6049
      1 6050
      1 6054
      1 6055
      1 6056
      1 6057
      1 6061
      1 6062
      1 6063
      1 6064
      1 6065
      1 6066
      1 6067
      1 6069
      1 6070
      1 6071
      1 6073
      1 6074
      1 6075
      1 6076
      1 6077
      1 6078
      1 6079
      1 6080
      1 6081
      1 6082
      1 6083
      1 6084
      1 6085
      1 6086
      1 6087
      1 6088
      1 6089
      1 6090
      1 6091
      1 6093
      1 6094
      1 6095
      1 6096
      1 6097
      1 6098
      1 6100
      1 6101
      1 6102
      1 6104
      1 6105
      1 6106
      1 6108
      1 6109
      1 6110
      1 6111
      1 6112
      1 6113
      1 6114
      1 6115
      1 6116
      1 6117
      1 6118
      1 6119
      1 6120
      1 6121
      1 6122
      1 6123
      1 6125
      1 6126
      1 6127
      1 6128
      1 6129
      1 6130
      1 6131
      1 6132
      1 6134
      1 6136
      1 6137
      1 6139
      1 6141
      1 6142
      1 6144
      1 6145
      1 6147
      1 6148
      1 6152
      1 6154
      1 6155
      1 6160
      1 6161
      1 6164
      1 6174
      1 6180
      1 6182
      1 6183
      1 6184
      1 6185
      1 6186
      1 6190
      1 6192
      1 6193
      1 6195
      1 6198
      1 6200
      1 6203
      1 6209
      1 6210
      1 6220
      1 6224
      1 6230
      1 6233
      1 6236
      1 6240
      1 6249
      1 6252
      1 6253
      1 6256
      1 6260
      1 6261
      1 6262
      1 6263
      1 6267
      1 6268
      1 6269
      1 6270
      1 6275
      1 6279
      1 6280
      1 6283
      1 6284
      1 6285
      1 6286
      1 6287
      1 6288
      1 6289
      1 6290
      1 6291
      1 6292
      1 6293
      1 6294
      1 6295
      1 6296
      1 6297
      1 6298
      1 6299
      1 6300
      1 6301
      1 6302
      1 6304
      1 6305
      1 6306
      1 6307
      1 6308
      1 6311
      1 6312
      1 6314
      1 6315
      1 6316
      1 6317
      1 6318
      1 6319
      1 6320
      1 6321
      1 6322
      1 6323
      1 6326
      1 6327
      1 6328
      1 6330
      1 6331
      1 6332
      1 6333
      1 6334
      1 6335
      1 6336
      1 6337
      1 6338
      1 6339
      1 6341
      1 6342
      1 6343
      1 6344
      1 6345
      1 6346
      1 6347
      1 6348
      1 6350
      1 6351
      1 6352
      1 6354
      1 6358
      1 6366
      1 6367
      1 6369
      1 6370
      1 6371
      1 6372
      1 6376
      1 6378
      1 6380
      1 6381
      1 6387
      1 6397
      1 6407
      1 6408
      1 6409
      1 6413
      1 6419
      1 6428
      1 6436
      1 6437
      1 6454
      1 6455
      1 6457
      1 6483
      1 6491
      1 6501
      1 6526
      1 6529
      1 6530
      1 6538
      1 6540
      1 6541
      1 6543
      1 6545
      1 6546
      1 6547
      1 6548
      1 6550
      1 6551
      1 6552
      1 6553
      1 6554
      1 6555
      1 6557
      1 6558
      1 6559
      1 6560
      1 6561
      1 6562
      1 6565
      1 6567
      1 6568
      1 6569
      1 6570
      1 6571
      1 6572
      1 6573
      1 6574
      1 6576
      1 6577
      1 6578
      1 6580
      1 6581
      1 6583
      1 6584
      1 6585
      1 6586
      1 6588
      1 6589
      1 6590
      1 6591
      1 6592
      1 6593
      1 6594
      1 6595
      1 6596
      1 6597
      1 6598
      1 6599
      1 6600
      1 6601
      1 6602
      1 6603
      1 6604
      1 6605
      1 6606
      1 6607
      1 6608
      1 6609
      1 6610
      1 6611
      1 6612
      1 6613
      1 6614
      1 6618
      1 6619
      1 6620
      1 6621
      1 6622
      1 6623
      1 6624
      1 6625
      1 6626
      1 6629
      1 6630
      1 6631
      1 6632
      1 6633
      1 6634
      1 6635
      1 6637
      1 6638
      1 6639
      1 6640
      1 6641
      1 6642
      1 6643
      1 6644
      1 6645
      1 6646
      1 6647
      1 6648
      1 6650
      1 6651
      1 6652
      1 6653
      1 6654
      1 6655
      1 6658
      1 6659
      1 6660
      1 6661
      1 6663
      1 6664
      1 6665
      1 6666
      1 6668
      1 6669
      1 6670
      1 6671
      1 6673
      1 6674
      1 6675
      1 6677
      1 6682
      1 6683
      1 6684
      1 6686
      1 6687
      1 6688
      1 6690
      1 6691
      1 6692
      1 6693
      1 6695
      1 6696
      1 6697
      1 6699
      1 6700
      1 6701
      1 6702
      1 6703
      1 6704
      1 6705
      1 6707
      1 6709
      1 6712
      1 6713
      1 6714
      1 6715
      1 6717
      1 6731
      1 6736
      1 6737
      1 6738
      1 6740
      1 6742
      1 6743
      1 6744
      1 6745
      1 6746
      1 6747
      1 6748
      1 6751
      1 6761
      1 6762
      1 6769
      1 6771
      1 6772
      1 6773
      1 6775
      1 6776
      1 6777
      1 6779
      1 6780
      1 6782
      1 6783
      1 6785
      1 6786
      1 6787
      1 6791
      1 6792
      1 6794
      1 6795
      1 6796
      1 6797
      1 6799
      1 6800
      1 6801
      1 6803
      1 6804
      1 6805
      1 6806
      1 6808
      1 6810
      1 6811
      1 6813
      1 6814
      1 6816
      1 6817
      1 6818
      1 6819
      1 6820
      1 6821
      1 6823
      1 6827
      1 6828
      1 6830
      1 6831
      1 6833
      1 6836
      1 6837
      1 6839
      1 6840
      1 6841
      1 6843
      1 6848
      1 6849
      1 6850
      1 6851
      1 6854
      1 6855
      1 6858
      1 6860
      1 6861
      1 6862
      1 6863
      1 6864
      1 6866
      1 6867
      1 6868
      1 6872
      1 6873
      1 6874
      1 6876
      1 6887
      1 6888
      1 6889
      1 6892
      1 6893
      1 6895
      1 6896
      1 6897
      1 6898
      1 6899
      1 6900
      1 6901
      1 6902
      1 6903
      1 6904
      1 6905
      1 6906
      1 6908
      1 6909
      1 6910
      1 6911
      1 6912
      1 6913
      1 6914
      1 6915
      1 6916
      1 6917
      1 6918
      1 6919
      1 6920
      1 6922
      1 6923
      1 6924
      1 6925
      1 6926
      1 6927
      1 6928
      1 6929
      1 6930
      1 6931
      1 6941
      1 6942
      1 6943
      1 6944
      1 6946
      1 6948
      1 6949
      1 6951
      1 6952
      1 6954
      1 6957
      1 6958
      1 6959
      1 6960
      1 6962
      1 6963
      1 6964
      1 6965
      1 6966
      1 6967
      1 6968
      1 6969
      1 6970
      1 6971
      1 6972
      1 6974
      1 6978
      1 6979
      1 6980
      1 6981
      1 6982
      1 6983
      1 6985
      1 6988
      1 6992
      1 6993
      1 6994
      1 6996
      1 6999
      1 7000
      1 7001
      1 7003
      1 7004
      1 7027
      1 7034
      1 7035
      1 7036
      1 7038
      1 7041
      1 7043
      1 7045
      1 7047
      1 7048
      1 7086
      1 709
      1 7116
      1 7139
      1 7169
      1 7175
      1 7179
      1 7182
      1 7190
      1 7192
      1 7197
      1 7206
      1 7219
      1 7220
      1 7221
      1 7222
      1 7223
      1 7227
      1 7228
      1 7229
      1 7230
      1 7231
      1 7232
      1 7233
      1 7236
      1 7238
      1 7239
      1 7243
      1 7244
      1 7245
      1 7249
      1 7251
      1 7253
      1 7254
      1 7257
      1 7259
      1 7263
      1 7264
      1 7265
      1 7266
      1 7268
      1 7269
      1 7270
      1 7271
      1 7272
      1 7274
      1 7275
      1 7277
      1 7278
      1 7279
      1 7284
      1 7288
      1 7289
      1 7290
      1 7291
      1 7294
      1 7295
      1 7297
      1 7298
      1 7299
      1 7301
      1 7302
      1 7303
      1 7304
      1 7305
      1 7307
      1 7308
      1 7310
      1 7311
      1 7312
      1 7313
      1 7314
      1 7324
      1 7325
      1 7326
      1 7327
      1 7329
      1 7331
      1 7332
      1 7334
      1 7335
      1 7336
      1 7340
      1 7341
      1 7348
      1 7349
      1 7352
      1 7353
      1 7356
      1 7359
      1 7360
      1 7361
      1 7362
      1 7363
      1 7364
      1 7365
      1 7366
      1 7367
      1 7368
      1 7369
      1 7370
      1 7371
      1 7373
      1 7374
      1 7376
      1 7377
      1 7378
      1 7380
      1 7382
      1 7383
      1 7384
      1 7385
      1 7386
      1 7387
      1 7388
      1 7389
      1 7390
      1 7391
      1 7392
      1 7393
      1 7394
      1 7395
      1 7397
      1 7398
      1 7401
      1 7402
      1 7403
      1 7404
      1 7405
      1 7406
      1 7407
      1 7408
      1 7409
      1 7410
      1 7411
      1 7412
      1 7413
      1 7415
      1 7416
      1 7417
      1 7418
      1 7419
      1 7420
      1 7421
      1 7422
      1 7423
      1 7424
      1 7425
      1 7426
      1 7428
      1 7429
      1 7430
      1 7431
      1 7432
      1 7433
      1 7434
      1 7435
      1 7437
      1 7438
      1 7440
      1 7441
      1 7442
      1 7447
      1 7448
      1 7449
      1 7452
      1 7453
      1 7454
      1 7455
      1 7456
      1 7458
      1 7459
      1 7461
      1 7462
      1 7464
      1 7466
      1 7467
      1 7468
      1 7469
      1 7472
      1 7473
      1 7474
      1 7477
      1 7478
      1 7479
      1 7481
      1 7482
      1 7484
      1 7485
      1 7486
      1 7489
      1 7490
      1 7491
      1 7492
      1 7493
      1 7495
      1 7501
      1 7502
      1 7503
      1 7504
      1 7505
      1 7506
      1 7507
      1 7508
      1 7509
      1 7510
      1 7511
      1 7512
      1 7514
      1 7515
      1 7516
      1 7517
      1 7518
      1 7519
      1 7522
      1 7523
      1 7525
      1 7526
      1 7528
      1 7529
      1 7530
      1 7531
      1 7533
      1 7536
      1 7537
      1 7538
      1 7539
      1 7540
      1 7541
      1 7542
      1 7543
      1 7545
      1 7546
      1 7548
      1 7549
      1 7550
      1 7551
      1 7552
      1 7553
      1 7554
      1 7555
      1 7556
      1 7557
      1 7558
      1 7560
      1 7561
      1 7562
      1 7563
      1 7564
      1 7565
      1 7566
      1 7567
      1 7568
      1 7571
      1 7572
      1 7574
      1 7575
      1 7576
      1 7577
      1 7578
      1 7579
      1 7581
      1 7582
      1 7584
      1 7585
      1 7586
      1 7587
      1 7588
      1 7589
      1 7592
      1 7593
      1 7595
      1 7596
      1 7598
      1 7599
      1 7600
      1 7601
      1 7602
      1 7605
      1 7606
      1 7608
      1 7609
      1 7610
      1 7617
      1 7619
      1 7626
      1 7631
      1 7632
      1 7635
      1 7636
      1 7638
      1 7639
      1 7641
      1 7642
      1 7643
      1 7644
      1 7645
      1 7646
      1 7647
      1 7648
      1 7649
      1 7650
      1 7651
      1 7652
      1 7659
      1 7660
      1 7662
      1 7663
      1 7664
      1 7666
      1 7667
      1 7668
      1 7669
      1 7672
      1 7673
      1 7674
      1 7676
      1 7683
      1 7684
      1 7687
      1 7688
      1 7689
      1 7691
      1 7694
      1 7702
      1 7703
      1 7704
      1 7707
      1 7711
      1 7712
      1 7714
      1 7715
      1 7717
      1 7719
      1 7720
      1 7721
      1 7722
      1 7723
      1 7726
      1 7731
      1 7738
      1 7739
      1 7740
      1 7741
      1 7747
      1 7751
      1 7787
      1 7788
      1 7801
      1 7823
      1 7824
      1 7826
      1 7829
      1 7830
      1 7831
      1 7833
      1 7839
      1 7840
      1 7844
      1 7848
      1 7849
      1 7873
      1 7898
      1 7909
      1 7910
      1 7911
      1 7919
      1 7924
      1 7931
      1 7932
      1 7933
      1 7935
      1 7936
      1 7937
      1 7941
      1 7942
      1 7943
      1 7944
      1 7945
      1 7946
      1 7947
      1 7948
      1 7949
      1 7954
      1 7955
      1 7957
      1 7977
      1 7982
      1 7983
      1 7984
      1 7986
      1 7989
      1 7994
      1 7997
      1 7998
      1 8000
      1 8004
      1 8005
      1 8006
      1 8007
      1 8008
      1 8009
      1 8010
      1 8012
      1 8019
      1 8025
      1 8027
      1 8035
      1 8037
      1 8038
      1 8060
      1 8062
      1 8065
      1 8066
      1 8069
      1 8070
      1 8072
      1 8074
      1 8075
      1 8079
      1 8080
      1 8082
      1 8083
      1 8084
      1 8085
      1 8087
      1 8088
      1 8089
      1 8090
      1 8091
      1 8092
      1 8093
      1 8100
      1 8103
      1 8104
      1 8106
      1 8107
      1 8108
      1 8114
      1 8115
      1 8116
      1 8117
      1 8118
      1 8119
      1 8120
      1 8122
      1 8124
      1 8129
      1 8130
      1 8136
      1 8137
      1 8138
      1 8140
      1 8141
      1 8142
      1 8146
      1 8148
      1 8151
      1 8152
      1 8153
      1 8154
      1 8155
      1 8156
      1 8157
      1 8158
      1 8159
      1 8160
      1 8161
      1 8162
      1 8163
      1 8164
      1 8165
      1 8166
      1 8167
      1 8168
      1 8171
      1 8175
      1 8177
      1 8178
      1 8180
      1 8181
      1 8190
      1 8192
      1 8193
      1 8194
      1 8196
      1 8200
      1 8202
      1 8203
      1 8204
      1 8205
      1 8208
      1 8209
      1 8210
      1 8219
      1 8223
      1 8228
      1 8239
      1 8416
      1 8442
      1 8451
      1 8475
      1 8477
      1 8479
      1 8522
      1 8525
      1 8527
      1 8531
      1 8532
      1 8533
      1 8534
      1 8535
      1 8536
      1 8538
      1 8541
      1 8542
      1 8543
      1 8544
      1 8545
      1 8546
      1 8547
      1 8548
      1 8549
      1 8550
      1 8551
      1 8553
      1 8554
      1 8555
      1 8556
      1 8557
      1 8558
      1 8559
      1 8560
      1 8561
      1 8562
      1 8563
      1 8565
      1 8566
      1 8567
      1 8568
      1 8569
      1 8570
      1 8571
      1 8572
      1 8573
      1 8575
      1 8576
      1 8577
      1 8578
      1 8579
      1 8580
      1 8581
      1 8582
      1 8583
      1 8584
      1 8585
      1 8587
      1 8588
      1 8591
      1 8592
      1 8593
      1 8594
      1 8595
      1 8596
      1 8597
      1 8599
      1 8600
      1 8601
      1 8602
      1 8606
      1 8609
      1 8610
      1 8611
      1 8612
      1 8614
      1 8615
      1 8616
      1 8617
      1 8618
      1 8619
      1 8620
      1 8621
      1 8623
      1 8624
      1 8627
      1 8628
      1 8632
      1 8633
      1 8634
      1 8636
      1 8639
      1 8644
      1 8650
      1 8653
      1 8657
      1 8666
      1 8668
      1 8669
      1 8671
      1 8673
      1 8674
      1 8675
      1 8676
      1 8679
      1 8680
      1 8682
      1 8683
      1 8684
      1 8685
      1 8686
      1 8687
      1 8688
      1 8689
      1 8691
      1 8692
      1 8694
      1 8697
      1 8714
      1 8720
      1 8740
      1 8751
      1 8754
      1 8759
      1 8765
      1 8766
      1 8768
      1 8770
      1 8780
      1 8781
      1 8782
      1 8783
      1 8784
      1 8785
      1 8786
      1 8787
      1 8788
      1 8789
      1 8790
      1 8791
      1 8792
      1 8793
      1 8794
      1 8795
      1 8797
      1 8799
      1 8802
      1 8806
      1 8807
      1 8810
      1 8814
      1 8818
      1 8826
      1 8842
      1 8871
      1 8901
      1 8905
      1 8949
      1 8966
      1 8969
      1 8984
      1 8987
      1 8989
      1 8990
      1 9012
      1 9015
      1 9017
      1 9018
      1 9024
      1 9025
      1 9026
      1 9028
      1 9031
      1 9034
      1 9035
      1 9036
      1 9040
      1 9041
      1 9042
      1 9043
      1 9045
      1 9046
      1 9047
      1 9048
      1 9050
      1 9051
      1 9052
      1 9055
      1 9057
      1 9061
      1 9065
      1 9066
      1 9069
      1 9070
      1 9072
      1 9074
      1 9075
      1 9076
      1 9078
      1 9079
      1 9080
      1 9081
      1 9082
      1 9084
      1 9085
      1 9086
      1 9087
      1 9088
      1 9091
      1 9092
      1 9093
      1 9094
      1 9095
      1 9096
      1 9097
      1 9098
      1 9099
      1 9100
      1 9102
      1 9103
      1 9104
      1 9105
      1 9106
      1 9108
      1 9109
      1 9111
      1 9113
      1 9114
      1 9115
      1 9116
      1 9117
      1 9118
      1 9119
      1 9121
      1 9122
      1 9123
      1 9124
      1 9125
      1 9126
      1 9127
      1 9128
      1 9129
      1 9130
      1 9136
      1 9137
      1 9138
      1 9143
      1 9144
      1 9145
      1 9146
      1 9147
      1 9148
      1 9149
      1 9150
      1 9151
      1 9152
      1 9153
      1 9154
      1 9156
      1 9157
      1 9158
      1 9159
      1 9160
      1 9161
      1 9163
      1 9164
      1 9165
      1 9167
      1 9170
      1 9173
      1 9174
      1 9175
      1 9176
      1 9177
      1 9180
      1 9181
      1 9182
      1 9183
      1 9186
      1 9187
      1 9188
      1 9189
      1 9190
      1 9192
      1 9193
      1 9195
      1 9196
      1 9199
      1 9200
      1 9201
      1 9202
      1 9204
      1 9210
      1 9211
      1 9212
      1 9213
      1 9214
      1 9215
      1 9216
      1 9217
      1 9223
      1 9225
      1 9226
      1 9227
      1 9228
      1 9229
      1 9230
      1 9231
      1 9244
      1 9245
      1 9246
      1 9247
      1 9248
      1 9249
      1 9250
      1 9251
      1 9253
      1 9254
      1 9257
      1 9260
      1 9261
      1 9262
      1 9263
      1 9264
      1 9265
      1 9266
      1 9267
      1 9268
      1 9271
      1 9275
      1 9277
      1 9278
      1 9279
      1 9280
      1 9281
      1 9284
      1 9285
      1 9286
      1 9287
      1 9288
      1 9289
      1 9290
      1 9293
      1 9294
      1 9296
      1 9297
      1 9298
      1 9308
      1 9309
      1 9310
      1 9311
      1 9312
      1 9313
      1 9314
      1 9322
      1 9324
      1 9328
      1 9329
      1 9330
      1 9331
      1 9332
      1 9335
      1 9336
      1 9337
      1 9338
      1 9339
      1 9340
      1 9341
      1 9342
      1 9344
      1 9346
      1 9350
      1 9351
      1 9352
      1 9355
      1 9356
      1 9358
      1 9360
      1 9364
      1 9365
      1 9366
      1 9367
      1 9368
      1 9369
      1 9537
      1 9540
      1 9542
      1 9545
      1 9546
      1 9551
      1 9552
      1 9553
      1 9554
      1 9555
      1 9556
      1 9558
      1 9559
      1 9562
      1 9563
      1 9564
      1 9565
      1 9566
      1 9567
      1 9568
      1 9569
      1 9570
      1 9571
      1 9572
      1 9573
      1 9574
      1 9576
      1 9577
      1 9578
      1 9579
      1 9580
      1 9584
      1 9591
      1 9592
      1 9599
      1 9600
      1 9601
      1 9602
      1 9605
      1 9606
      1 9607
      1 9608
      1 9610
      1 9613
      1 9621
      1 9624
      1 9625
      1 9626
      1 9628
      1 9629
      1 9630
      1 9631
      1 9632
      1 9633
      1 9634
      1 9635
      1 9639
      1 9640
      1 9641
      1 9642
      1 9643
      1 9644
      1 9645
      1 9646
      1 9647
      1 9648
      1 9649
      1 9660
      1 9661
      1 9662
      1 9663
      1 9664
      1 9667
      1 9668
      1 9669
      1 9671
      1 9672
      1 9674
      1 9675
      1 9676
      1 9677
      1 9678
      1 9679
      1 9680
      1 9686
      1 9693
      1 9694
      1 9695
      1 9696
      1 9697
      1 9698
      1 9699
      1 9706
      1 9707
      1 9708
      1 9710
      1 9711
      1 9713
      1 9716
      1 9725
      1 9754
      1 9781
      1 9807
      1 9813
      1 9835
      1 9847
      1 9848
      1 9870
      1 9871
      1 9872
      1 9873
      1 9874
      1 9881
      1 9882
      1 9883
      1 9888
      1 9889
      1 9895
      1 9900
      1 9904
      1 9908
      1 9909
      1 9912
      1 9913
      1 9914
      1 9915
      1 9922
      1 9923
      1 9933
      1 9936
      1 9937
      1 9939
      1 9961
      1 9971
      1 9974
      1 9976
      1 9994
      1 9996
      1 9999
      2 10001
      2 10104
      2 10280
      2 10318
      2 10365
      2 10428
      2 10511
      2 10512
      2 10570
      2 10606
      2 10616
      2 10652
      2 10653
      2 10691
      2 10692
      2 10722
      2 10730
      2 10735
      2 10759
      2 10760
      2 10790
      2 10802
      2 10811
      2 10813
      2 10860
      2 10926
      2 10930
      2 10933
      2 10939
      2 10992
      2 11025
      2 11068
      2 11086
      2 11087
      2 11089
      2 11099
      2 11129
      2 11136
      2 11139
      2 11143
      2 11145
      2 11148
      2 11165
      2 11183
      2 11344
      2 11371
      2 11425
      2 11427
      2 11432
      2 11433
      2 11530
      2 11606
      2 11702
      2 11705
      2 11709
      2 11720
      2 13617
      2 13674
      2 13709
      2 13746
      2 13748
      2 13754
      2 13955
      2 13974
      2 13998
      2 14104
      2 14105
      2 14182
      2 14225
      2 14414
      2 14457
      2 14484
      2 14491
      2 14536
      2 14566
      2 14581
      2 14582
      2 14584
      2 14619
      2 14648
      2 14932
      2 14953
      2 14970
      2 14982
      2 14994
      2 15008
      2 15259
      2 16059
      2 16065
      2 16087
      2 16116
      2 1696
      2 1726
      2 2375
      2 5829
      2 6138
      2 6303
      2 7067
      2 7938
      2 8041
      2 8067
      2 8855
      2 9021
      2 9022
      2 9027
      2 9029
      2 9032
      2 9033
      2 9044
      2 9049
      2 9056
      2 9194
      2 9323
      2 9370
      2 9541
      2 9547
      2 9612
      2 9919
      2 9925
      3 10048
      3 11030
      3 11037
      3 11138
      3 11334
      3 11505
      3 11749
      3 14083
      3 14144
      3 15251
      3 2218
      3 5645
      3 5989
      3 7309
      3 7780
      3 9691
      4 11161
      4 11380
      4 1365
      4 14042
      4 14523
      4 6278
      4 7918
      4 9666
      5 14125
      7 7790
